3.19264414788328 9.78209037422709
3.20307495195388 9.73086446755478
3.21326435525851 9.6822962543351
3.21357413715534 9.69008871687833
3.22362270719835 9.63098543929508
3.23404805795414 9.57966909094974
3.23425725282189 9.57634375997122
3.24443579261566 9.52518680752948
3.25499641950394 9.4706542157672
3.25563224378174 9.47414462070697
3.26551938085753 9.42024818487936
3.27632527357316 9.36442491018756
3.27696945864465 9.37443864884806
3.28709486555782 9.30760280489369
3.29782673218349 9.2528695829328
3.30873837805645 9.19848265834448
3.31961226928695 9.14339486035982
3.3306687982947  9.08009190465055
3.34179922470258 9.03501823002567
3.35300429184549 8.98012042190691
3.3642847530615  8.92434420558581
3.37586928634123 8.85694835333634
3.38249222026789 8.83757496521084
